side sector tile interfaceBoard ch
0 0 0 4 16
0 0 1 4 1
0 0 2 4 17
0 0 3 4 2
0 0 4 4 18
0 0 5 4 3
0 0 6 4 19
0 0 7 4 4
0 0 8 4 20
0 0 9 4 5
0 0 10 4 21
0 0 11 4 6
0 0 12 4 22
0 0 13 4 7
0 0 14 4 23
0 0 15 4 8
0 0 16 4 24
0 0 17 4 9
0 0 18 4 25
0 0 19 4 10
0 0 20 4 26
0 0 21 4 11
0 0 22 4 27
0 0 23 4 12
0 0 24 4 28
0 0 25 4 13
0 0 26 4 29
0 0 27 4 14
0 0 28 4 30
0 0 29 4 15
0 0 30 4 31
0 0 31 4 0
0 1 0 5 48
0 1 1 5 33
0 1 2 5 49
0 1 3 5 34
0 1 4 5 50
0 1 5 5 35
0 1 6 5 51
0 1 7 5 36
0 1 8 5 52
0 1 9 5 37
0 1 10 5 53
0 1 11 5 38
0 1 12 5 54
0 1 13 5 39
0 1 14 5 55
0 1 15 5 40
0 1 16 5 56
0 1 17 5 41
0 1 18 5 57
0 1 19 5 42
0 1 20 5 58
0 1 21 5 43
0 1 22 5 59
0 1 23 5 44
0 1 24 5 60
0 1 25 5 45
0 1 26 5 61
0 1 27 5 46
0 1 28 5 62
0 1 29 5 47
0 1 30 5 63
0 1 31 5 32
0 2 0 5 16
0 2 1 5 1
0 2 2 5 17
0 2 3 5 2
0 2 4 5 18
0 2 5 5 3
0 2 6 5 19
0 2 7 5 4
0 2 8 5 20
0 2 9 5 5
0 2 10 5 21
0 2 11 5 6
0 2 12 5 22
0 2 13 5 7
0 2 14 5 23
0 2 15 5 8
0 2 16 5 24
0 2 17 5 9
0 2 18 5 25
0 2 19 5 10
0 2 20 5 26
0 2 21 5 11
0 2 22 5 27
0 2 23 5 12
0 2 24 5 28
0 2 25 5 13
0 2 26 5 29
0 2 27 5 14
0 2 28 5 30
0 2 29 5 15
0 2 30 5 31
0 2 31 5 0
0 3 0 3 48
0 3 1 3 33
0 3 2 3 49
0 3 3 3 34
0 3 4 3 50
0 3 5 3 35
0 3 6 3 51
0 3 7 3 36
0 3 8 3 52
0 3 9 3 37
0 3 10 3 53
0 3 11 3 38
0 3 12 3 54
0 3 13 3 39
0 3 14 3 55
0 3 15 3 40
0 3 16 3 56
0 3 17 3 41
0 3 18 3 57
0 3 19 3 42
0 3 20 3 58
0 3 21 3 43
0 3 22 3 59
0 3 23 3 44
0 3 24 3 60
0 3 25 3 45
0 3 26 3 61
0 3 27 3 46
0 3 28 3 62
0 3 29 3 47
0 3 30 3 63
0 3 31 3 32
0 4 0 3 16
0 4 1 3 1
0 4 2 3 17
0 4 3 3 2
0 4 4 3 18
0 4 5 3 3
0 4 6 3 19
0 4 7 3 4
0 4 8 3 20
0 4 9 3 5
0 4 10 3 21
0 4 11 3 6
0 4 12 3 22
0 4 13 3 7
0 4 14 3 23
0 4 15 3 8
0 4 16 3 24
0 4 17 3 9
0 4 18 3 25
0 4 19 3 10
0 4 20 3 26
0 4 21 3 11
0 4 22 3 27
0 4 23 3 12
0 4 24 3 28
0 4 25 3 13
0 4 26 3 29
0 4 27 3 14
0 4 28 3 30
0 4 29 3 15
0 4 30 3 31
0 4 31 3 0
0 5 0 1 48
0 5 1 1 33
0 5 2 1 49
0 5 3 1 34
0 5 4 1 50
0 5 5 1 35
0 5 6 1 51
0 5 7 1 36
0 5 8 1 52
0 5 9 1 37
0 5 10 1 53
0 5 11 1 38
0 5 12 1 54
0 5 13 1 39
0 5 14 1 55
0 5 15 1 40
0 5 16 1 56
0 5 17 1 41
0 5 18 1 57
0 5 19 1 42
0 5 20 1 58
0 5 21 1 43
0 5 22 1 59
0 5 23 1 44
0 5 24 1 60
0 5 25 1 45
0 5 26 1 61
0 5 27 1 46
0 5 28 1 62
0 5 29 1 47
0 5 30 1 63
0 5 31 1 32
0 6 0 0 48
0 6 1 0 33
0 6 2 0 49
0 6 3 0 34
0 6 4 0 50
0 6 5 0 35
0 6 6 0 51
0 6 7 0 36
0 6 8 0 52
0 6 9 0 37
0 6 10 0 53
0 6 11 0 38
0 6 12 0 54
0 6 13 0 39
0 6 14 0 55
0 6 15 0 40
0 6 16 0 56
0 6 17 0 41
0 6 18 0 57
0 6 19 0 42
0 6 20 0 58
0 6 21 0 43
0 6 22 0 59
0 6 23 0 44
0 6 24 0 60
0 6 25 0 45
0 6 26 0 61
0 6 27 0 46
0 6 28 0 62
0 6 29 0 47
0 6 30 0 63
0 6 31 0 32
0 7 0 0 16
0 7 1 0 1
0 7 2 0 17
0 7 3 0 2
0 7 4 0 18
0 7 5 0 3
0 7 6 0 19
0 7 7 0 4
0 7 8 0 20
0 7 9 0 5
0 7 10 0 21
0 7 11 0 6
0 7 12 0 22
0 7 13 0 7
0 7 14 0 23
0 7 15 0 8
0 7 16 0 24
0 7 17 0 9
0 7 18 0 25
0 7 19 0 10
0 7 20 0 26
0 7 21 0 11
0 7 22 0 27
0 7 23 0 12
0 7 24 0 28
0 7 25 0 13
0 7 26 0 29
0 7 27 0 14
0 7 28 0 30
0 7 29 0 15
0 7 30 0 31
0 7 31 0 0
0 8 0 1 16
0 8 1 1 1
0 8 2 1 17
0 8 3 1 2
0 8 4 1 18
0 8 5 1 3
0 8 6 1 19
0 8 7 1 4
0 8 8 1 20
0 8 9 1 5
0 8 10 1 21
0 8 11 1 6
0 8 12 1 22
0 8 13 1 7
0 8 14 1 23
0 8 15 1 8
0 8 16 1 24
0 8 17 1 9
0 8 18 1 25
0 8 19 1 10
0 8 20 1 26
0 8 21 1 11
0 8 22 1 27
0 8 23 1 12
0 8 24 1 28
0 8 25 1 13
0 8 26 1 29
0 8 27 1 14
0 8 28 1 30
0 8 29 1 15
0 8 30 1 31
0 8 31 1 0
0 9 0 2 16
0 9 1 2 1
0 9 2 2 17
0 9 3 2 2
0 9 4 2 18
0 9 5 2 3
0 9 6 2 19
0 9 7 2 4
0 9 8 2 20
0 9 9 2 5
0 9 10 2 21
0 9 11 2 6
0 9 12 2 22
0 9 13 2 7
0 9 14 2 23
0 9 15 2 8
0 9 16 2 24
0 9 17 2 9
0 9 18 2 25
0 9 19 2 10
0 9 20 2 26
0 9 21 2 11
0 9 22 2 27
0 9 23 2 12
0 9 24 2 28
0 9 25 2 13
0 9 26 2 29
0 9 27 2 14
0 9 28 2 30
0 9 29 2 15
0 9 30 2 31
0 9 31 2 0
0 10 0 2 48
0 10 1 2 33
0 10 2 2 49
0 10 3 2 34
0 10 4 2 50
0 10 5 2 35
0 10 6 2 51
0 10 7 2 36
0 10 8 2 52
0 10 9 2 37
0 10 10 2 53
0 10 11 2 38
0 10 12 2 54
0 10 13 2 39
0 10 14 2 55
0 10 15 2 40
0 10 16 2 56
0 10 17 2 41
0 10 18 2 57
0 10 19 2 42
0 10 20 2 58
0 10 21 2 43
0 10 22 2 59
0 10 23 2 44
0 10 24 2 60
0 10 25 2 45
0 10 26 2 61
0 10 27 2 46
0 10 28 2 62
0 10 29 2 47
0 10 30 2 63
0 10 31 2 32
0 11 0 4 48
0 11 1 4 33
0 11 2 4 49
0 11 3 4 34
0 11 4 4 50
0 11 5 4 35
0 11 6 4 51
0 11 7 4 36
0 11 8 4 52
0 11 9 4 37
0 11 10 4 53
0 11 11 4 38
0 11 12 4 54
0 11 13 4 39
0 11 14 4 55
0 11 15 4 40
0 11 16 4 56
0 11 17 4 41
0 11 18 4 57
0 11 19 4 42
0 11 20 4 58
0 11 21 4 43
0 11 22 4 59
0 11 23 4 44
0 11 24 4 60
0 11 25 4 45
0 11 26 4 61
0 11 27 4 46
0 11 28 4 62
0 11 29 4 47
0 11 30 4 63
0 11 31 4 32
1 0 0 7 48
1 0 1 7 33
1 0 2 7 49
1 0 3 7 34
1 0 4 7 50
1 0 5 7 35
1 0 6 7 51
1 0 7 7 36
1 0 8 7 52
1 0 9 7 37
1 0 10 7 53
1 0 11 7 38
1 0 12 7 54
1 0 13 7 39
1 0 14 7 55
1 0 15 7 40
1 0 16 7 56
1 0 17 7 41
1 0 18 7 57
1 0 19 7 42
1 0 20 7 58
1 0 21 7 43
1 0 22 7 59
1 0 23 7 44
1 0 24 7 60
1 0 25 7 45
1 0 26 7 61
1 0 27 7 46
1 0 28 7 62
1 0 29 7 47
1 0 30 7 63
1 0 31 7 32
1 1 0 8 48
1 1 1 8 33
1 1 2 8 49
1 1 3 8 34
1 1 4 8 50
1 1 5 8 35
1 1 6 8 51
1 1 7 8 36
1 1 8 8 52
1 1 9 8 37
1 1 10 8 53
1 1 11 8 38
1 1 12 8 54
1 1 13 8 39
1 1 14 8 55
1 1 15 8 40
1 1 16 8 56
1 1 17 8 41
1 1 18 8 57
1 1 19 8 42
1 1 20 8 58
1 1 21 8 43
1 1 22 8 59
1 1 23 8 44
1 1 24 8 60
1 1 25 8 45
1 1 26 8 61
1 1 27 8 46
1 1 28 8 62
1 1 29 8 47
1 1 30 8 63
1 1 31 8 32
1 2 0 8 16
1 2 1 8 1
1 2 2 8 17
1 2 3 8 2
1 2 4 8 18
1 2 5 8 3
1 2 6 8 19
1 2 7 8 4
1 2 8 8 20
1 2 9 8 5
1 2 10 8 21
1 2 11 8 6
1 2 12 8 22
1 2 13 8 7
1 2 14 8 23
1 2 15 8 8
1 2 16 8 24
1 2 17 8 9
1 2 18 8 25
1 2 19 8 10
1 2 20 8 26
1 2 21 8 11
1 2 22 8 27
1 2 23 8 12
1 2 24 8 28
1 2 25 8 13
1 2 26 8 29
1 2 27 8 14
1 2 28 8 30
1 2 29 8 15
1 2 30 8 31
1 2 31 8 0
1 3 0 6 48
1 3 1 6 33
1 3 2 6 49
1 3 3 6 34
1 3 4 6 50
1 3 5 6 35
1 3 6 6 51
1 3 7 6 36
1 3 8 6 52
1 3 9 6 37
1 3 10 6 53
1 3 11 6 38
1 3 12 6 54
1 3 13 6 39
1 3 14 6 55
1 3 15 6 40
1 3 16 6 56
1 3 17 6 41
1 3 18 6 57
1 3 19 6 42
1 3 20 6 58
1 3 21 6 43
1 3 22 6 59
1 3 23 6 44
1 3 24 6 60
1 3 25 6 45
1 3 26 6 61
1 3 27 6 46
1 3 28 6 62
1 3 29 6 47
1 3 30 6 63
1 3 31 6 32
1 4 0 6 16
1 4 1 6 1
1 4 2 6 17
1 4 3 6 2
1 4 4 6 18
1 4 5 6 3
1 4 6 6 19
1 4 7 6 4
1 4 8 6 20
1 4 9 6 5
1 4 10 6 21
1 4 11 6 6
1 4 12 6 22
1 4 13 6 7
1 4 14 6 23
1 4 15 6 8
1 4 16 6 24
1 4 17 6 9
1 4 18 6 25
1 4 19 6 10
1 4 20 6 26
1 4 21 6 11
1 4 22 6 27
1 4 23 6 12
1 4 24 6 28
1 4 25 6 13
1 4 26 6 29
1 4 27 6 14
1 4 28 6 30
1 4 29 6 15
1 4 30 6 31
1 4 31 6 0
1 5 0 11 16
1 5 1 11 1
1 5 2 11 17
1 5 3 11 2
1 5 4 11 18
1 5 5 11 3
1 5 6 11 19
1 5 7 11 4
1 5 8 11 20
1 5 9 11 5
1 5 10 11 21
1 5 11 11 6
1 5 12 11 22
1 5 13 11 7
1 5 14 11 23
1 5 15 11 8
1 5 16 11 24
1 5 17 11 9
1 5 18 11 25
1 5 19 11 10
1 5 20 11 26
1 5 21 11 11
1 5 22 11 27
1 5 23 11 12
1 5 24 11 28
1 5 25 11 13
1 5 26 11 29
1 5 27 11 14
1 5 28 11 30
1 5 29 11 15
1 5 30 11 31
1 5 31 11 0
1 6 0 9 16
1 6 1 9 1
1 6 2 9 17
1 6 3 9 2
1 6 4 9 18
1 6 5 9 3
1 6 6 9 19
1 6 7 9 4
1 6 8 9 20
1 6 9 9 5
1 6 10 9 21
1 6 11 9 6
1 6 12 9 22
1 6 13 9 7
1 6 14 9 23
1 6 15 9 8
1 6 16 9 24
1 6 17 9 9
1 6 18 9 25
1 6 19 9 10
1 6 20 9 26
1 6 21 9 11
1 6 22 9 27
1 6 23 9 12
1 6 24 9 28
1 6 25 9 13
1 6 26 9 29
1 6 27 9 14
1 6 28 9 30
1 6 29 9 15
1 6 30 9 31
1 6 31 9 0
1 7 0 9 48
1 7 1 9 33
1 7 2 9 49
1 7 3 9 34
1 7 4 9 50
1 7 5 9 35
1 7 6 9 51
1 7 7 9 36
1 7 8 9 52
1 7 9 9 37
1 7 10 9 53
1 7 11 9 38
1 7 12 9 54
1 7 13 9 39
1 7 14 9 55
1 7 15 9 40
1 7 16 9 56
1 7 17 9 41
1 7 18 9 57
1 7 19 9 42
1 7 20 9 58
1 7 21 9 43
1 7 22 9 59
1 7 23 9 44
1 7 24 9 60
1 7 25 9 45
1 7 26 9 61
1 7 27 9 46
1 7 28 9 62
1 7 29 9 47
1 7 30 9 63
1 7 31 9 32
1 8 0 10 16
1 8 1 10 1
1 8 2 10 17
1 8 3 10 2
1 8 4 10 18
1 8 5 10 3
1 8 6 10 19
1 8 7 10 4
1 8 8 10 20
1 8 9 10 5
1 8 10 10 21
1 8 11 10 6
1 8 12 10 22
1 8 13 10 7
1 8 14 10 23
1 8 15 10 8
1 8 16 10 24
1 8 17 10 9
1 8 18 10 25
1 8 19 10 10
1 8 20 10 26
1 8 21 10 11
1 8 22 10 27
1 8 23 10 12
1 8 24 10 28
1 8 25 10 13
1 8 26 10 29
1 8 27 10 14
1 8 28 10 30
1 8 29 10 15
1 8 30 10 31
1 8 31 10 0
1 9 0 10 48
1 9 1 10 33
1 9 2 10 49
1 9 3 10 34
1 9 4 10 50
1 9 5 10 35
1 9 6 10 51
1 9 7 10 36
1 9 8 10 52
1 9 9 10 37
1 9 10 10 53
1 9 11 10 38
1 9 12 10 54
1 9 13 10 39
1 9 14 10 55
1 9 15 10 40
1 9 16 10 56
1 9 17 10 41
1 9 18 10 57
1 9 19 10 42
1 9 20 10 58
1 9 21 10 43
1 9 22 10 59
1 9 23 10 44
1 9 24 10 60
1 9 25 10 45
1 9 26 10 61
1 9 27 10 46
1 9 28 10 62
1 9 29 10 47
1 9 30 10 63
1 9 31 10 32
1 10 0 11 48
1 10 1 11 33
1 10 2 11 49
1 10 3 11 34
1 10 4 11 50
1 10 5 11 35
1 10 6 11 51
1 10 7 11 36
1 10 8 11 52
1 10 9 11 37
1 10 10 11 53
1 10 11 11 38
1 10 12 11 54
1 10 13 11 39
1 10 14 11 55
1 10 15 11 40
1 10 16 11 56
1 10 17 11 41
1 10 18 11 57
1 10 19 11 42
1 10 20 11 58
1 10 21 11 43
1 10 22 11 59
1 10 23 11 44
1 10 24 11 60
1 10 25 11 45
1 10 26 11 61
1 10 27 11 46
1 10 28 11 62
1 10 29 11 47
1 10 30 11 63
1 10 31 11 32
1 11 0 7 16
1 11 1 7 1
1 11 2 7 17
1 11 3 7 2
1 11 4 7 18
1 11 5 7 3
1 11 6 7 19
1 11 7 7 4
1 11 8 7 20
1 11 9 7 5
1 11 10 7 21
1 11 11 7 6
1 11 12 7 22
1 11 13 7 7
1 11 14 7 23
1 11 15 7 8
1 11 16 7 24
1 11 17 7 9
1 11 18 7 25
1 11 19 7 10
1 11 20 7 26
1 11 21 7 11
1 11 22 7 27
1 11 23 7 12
1 11 24 7 28
1 11 25 7 13
1 11 26 7 29
1 11 27 7 14
1 11 28 7 30
1 11 29 7 15
1 11 30 7 31
1 11 31 7 0
